          Total     Male      Female
0         100,000   100,000   100,000   100,000   100,000   100,000   100,000   100,000   100,000
1         99,313    99,239    99,392    99,428    99,363    99,495    98,597    98,443    98,755
5         99,189    99,100    99,282    99,314    99,239    99,394    98,414    98,234    98,600
10        99,116    99,020    99,217    99,246    99,163    99,334    98,317    98,128    98,512
15        99,022    98,906    99,143    99,158    99,057    99,264    98,190    97,973    98,415
20        98,693    98,450    98,949    98,838    98,621    99,068    97,796    97,379    98,228
25        98,219    97,761    98,703    98,397    97,986    98,837    97,077    96,289    97,882
30        97,752    97,111    98,430    97,974    97,400    98,590    96,261    95,094    97,424
35        97,210    96,391    98,072    97,477    96,736    98,270    95,332    93,854    96,782
40        96,442    95,421    97,510    96,772    95,835    97,771    94,031    92,251    95,758
45        95,285    93,981    96,641    95,702    94,484    96,989    92,119    89,937    94,212
50        93,584    91,846    95,374    94,135    92,498    95,850    89,234    86,386    91,937
55        91,181    88,846    93,566    91,918    89,721    94,203    85,107    81,203    88,767
60        87,774    84,725    90,871    88,685    85,811    91,657    79,721    74,565    84,520
65        82,688    78,694    86,712    83,777    79,989    87,656    72,483    65,888    78,573
70        75,555    70,382    80,712    76,761    71,795    81,786    63,612    55,703    70,888
75        65,717    59,229    72,078    66,938    60,634    73,206    52,650    43,618    60,894
80        52,743    45,080    60,060    53,819    46,271    61,108    40,050    30,646    48,546
85        36,981    29,188    44,191    37,705    29,942    44,936    27,023    18,595    34,616
90        20,898    14,743    26,387    21,152    14,988    26,660    15,333    9,269     20,757
95        8,499     5,110     11,360    8,423     5,063     11,249    6,832     3,484     9,762
100       2,118     1,025     2,952     2,006     962        2,793    2,183     896       3,251